1 3 0 1 0 274 99 0
2 1 0 1 3 127 97 0
3 3 0 1 1 17 10 0
4 8 0 1 4 8110 16 0
5 3 0 3 2 461 84 0
6 5 51 1 4 7782 14 1
7 4 81 1 4 471 90 0
8 5 0 2 2 16 88 0
9 9 0 1 1 32 5 0
10 1 51 3 1 3686 18 0
11 8 0 3 2 136 20 1
12 10 0 3 6 34 91 0
13 8 44 1 2 4096 95 0
14 3 0 1 2 15 10 0
15 3 0 2 1 34 10 0
16 10 54 1 6 118 64 0
17 2 69 2 2 35 5 0
18 3 0 3 3 16 11 0
19 3 0 1 3 8520 10 0
20 4 0 1 3 33 16 0
21 3 73 3 4 952 21 0
22 10 1 1 1 16 94 0
23 1 66 2 3 60 16 0
24 4 0 2 6 17 10 0
25 5 0 1 2 17 5 1
26 9 21 3 3 1116 9 0
27 3 87 3 5 1044 10 0
28 6 0 1 5 15 89 0
29 3 58 3 1 17 5 0
30 1 36 1 4 16 82 0
31 7 9 1 2 17 9 0
32 10 13 3 4 15 10 1
33 6 0 1 0 1065 14 0
34 3 36 1 9 17 78 0
35 1 9 1 3 63 90 1
36 1 45 1 1 558 89 0
37 1 15 3 0 69 21 1
38 1 0 3 4 66 91 0
39 3 0 1 3 1843 82 0
40 5 0 1 3 563 83 0
41 1 0 1 5 30 9 0
42 3 84 3 4 17 86 0
43 3 87 3 8 66 99 0
44 5 72 1 2 30 5 0
45 1 0 3 6 16 89 0
46 10 0 1 3 238 6 1
47 8 0 1 2 30 5 0
48 3 23 1 3 17 10 0
49 1 0 3 2 16 96 0
50 6 78 1 4 70 5 0
51 1 20 1 3 29 82 0
52 6 0 1 4 17 5 1
53 2 0 1 4 17 40 1
54 1 90 2 4 15 5 0
55 4 0 1 1 16 16 0
56 5 0 1 1 30 5 0
57 1 33 3 0 512 9 0
58 9 0 1 3 62 40 0
59 10 0 2 4 134 20 0
60 6 51 1 3 16 5 0
61 5 33 3 3 16 10 0
62 1 0 3 2 33 11 0
63 10 0 1 2 137 11 0
64 10 0 3 2 29 15 0
65 8 0 3 5 58 5 0
66 1 0 2 2 15 5 0
67 7 0 1 4 14 16 0
68 1 0 1 2 16 10 0
69 8 58 3 2 16 94 0
70 2 0 1 3 15 10 0
71 10 0 1 3 32 87 0
72 6 45 2 5 17 5 1
73 1 12 1 3 17 5 0
74 1 63 1 3 256 86 0
75 1 0 3 3 17 95 0
76 2 0 3 2 2007 5 0
77 1 69 3 1 238 14 0
78 1 0 1 2 122 11 1
79 8 0 1 1 32 88 1
80 3 75 2 1 17 56 0
81 3 0 1 2 16 88 0
82 9 0 3 4 35 99 0
83 10 0 1 3 16 10 0
84 1 0 3 1 17 83 0
85 6 33 1 2 17 21 0
86 1 85 1 1 68 11 0
87 5 0 3 4 29 5 0
88 2 0 1 4 29 5 0
89 3 0 1 3 276 10 0
90 4 71 2 1 32 66 1
91 2 2 3 2 59 19 0
92 5 87 1 3 29 96 0
93 3 99 3 4 1075 18 1
94 2 0 2 3 15 14 0
95 10 52 1 7 33 11 0
96 1 0 1 5 3686 5 0
97 3 0 3 2 266 5 0
98 9 0 1 5 59 14 0
99 6 0 3 1 65 86 0
100 1 0 1 4 16 91 0
101 7 97 3 4 32 11 0
102 1 21 1 3 60 99 1
103 3 0 1 3 31 83 1
104 5 0 3 1 33 11 0
105 4 98 1 1 31 9 0
106 1 6 1 2 16 9 0
107 3 87 2 2 60 16 0
108 1 0 3 1 16 5 0
109 10 0 3 5 33 93 0
110 5 45 3 4 32 5 0
111 1 9 3 4 16 10 0
112 3 6 1 5 15 16 0
113 1 99 1 1 16 5 0
114 6 45 3 2 17 82 0
115 1 0 1 2 35 5 0
116 10 39 3 2 70 11 0
117 7 31 1 4 17 9 0
118 7 51 3 3 3768 9 0
119 5 0 3 1 14 87 0
120 2 31 3 3 34 77 1
121 2 0 3 6 32 11 0
122 3 0 1 1 522 9 0
123 6 0 2 6 35 10 0
124 8 0 1 3 16 78 1
125 3 0 3 1 15 88 0
126 10 99 1 5 62 39 0
127 3 0 1 1 15 90 0
128 3 0 3 4 16 9 0
129 10 13 1 2 129 79 0
130 3 0 1 1 58 15 0
131 5 0 1 2 69 16 0
132 6 0 1 2 16 43 0
133 3 0 1 0 61 10 0
134 1 45 1 3 30 9 0
135 3 0 3 3 33 10 0
136 8 0 3 3 15 10 0
137 6 5 2 2 17 10 0
138 10 99 3 1 15 99 0
139 3 21 2 2 70 78 0
140 6 81 3 2 32 88 0
141 1 0 1 2 279 98 0
142 4 0 3 2 17 11 0
143 6 99 1 3 31 99 0
144 3 0 3 4 16 5 0
145 3 89 3 3 17 84 0
146 6 39 3 6 17 5 0
147 10 0 3 7 32 10 0
148 6 60 3 4 241 10 0
149 6 48 3 0 17 9 0
150 6 0 1 3 32 11 0
151 3 0 3 6 32 10 0
152 3 0 1 3 17 95 0
153 2 36 1 3 15 14 0
154 1 56 1 3 15 14 0
155 1 0 3 3 14 86 0
156 2 60 1 7 66 94 0
157 3 94 2 1 17 11 0
158 3 45 1 3 17 15 0
159 3 10 1 1 17 11 0
160 1 0 3 3 233 6 0
161 3 69 1 3 15 10 0
162 8 0 1 1 14 15 0
163 6 0 3 2 548 99 1
164 2 30 2 2 61 9 0
165 1 0 1 1 65 14 1
166 6 0 3 7 16 10 0
167 3 90 1 1 29 99 0
168 8 0 1 5 31 10 0
169 1 58 3 4 16 9 0
170 9 0 1 5 17 84 0
171 9 81 3 0 32 65 0
172 1 69 2 4 15 84 1
173 3 76 2 3 8438 89 0
174 3 0 1 1 16712 98 1
175 8 12 3 3 30 5 0
176 1 0 1 3 7373 99 0
177 7 6 1 1 31 88 0
178 5 12 1 5 16 5 0
179 1 0 3 2 558 95 0
180 1 0 1 2 59 5 0
181 3 0 3 1 16 18 0
182 8 0 3 1 1096 5 0
183 1 0 3 0 127 77 0
184 7 48 3 4 15 99 0
185 4 0 3 4 118 72 0
186 3 26 3 6 58 15 1
187 2 18 1 2 32 95 0
188 3 63 1 4 15 86 1
189 7 0 3 2 31 80 0
190 5 0 1 4 119 97 1
191 7 0 1 4 64 11 0
192 9 0 3 2 70 86 0
193 1 3 1 6 15 19 0
194 10 0 3 3 16 10 0
195 10 0 3 5 16 99 0
196 10 60 3 3 35 15 0
197 6 8 2 3 31 81 0
198 1 0 1 1 15 10 1
199 5 0 2 3 16 5 0
200 2 0 3 5 31 9 0
201 10 0 1 3 35 16 0
202 8 0 1 6 471 79 0
203 3 0 3 2 16 98 0
204 3 0 2 3 17 18 0
205 1 96 3 6 16 99 0
206 1 0 1 5 15 18 0
207 2 60 2 5 68 88 0
208 2 0 3 3 30 10 0
209 1 88 3 4 16 10 1
210 5 0 3 2 30 93 0
211 2 98 1 1 16 5 1
212 1 0 1 3 16 19 0
213 3 0 1 3 17 99 1
214 3 3 1 5 17 20 0
215 2 0 1 3 34 10 0
216 1 68 1 3 128 94 0
217 3 81 3 3 68 88 0
218 6 0 1 2 116 5 0
219 3 0 1 1 246 41 0
220 1 15 1 2 18 83 0
221 8 87 2 2 16 10 0
222 3 15 2 0 15 5 1
223 6 80 1 3 17 86 0
224 6 6 1 3 32 91 0
225 1 0 3 6 65 14 0
226 6 36 2 2 35 99 0
227 6 0 3 1 16 89 0
228 1 0 2 2 32 11 0
229 10 69 1 2 15 11 0
230 1 0 1 6 35 58 0
231 1 0 1 5 62 86 0
232 6 0 1 5 15 39 0
233 3 0 2 4 61 90 0
234 8 0 2 4 233 98 0
235 4 0 2 2 17 5 0
236 3 0 3 1 17 10 0
237 1 44 2 4 124 10 0
238 1 34 2 4 34 85 0
239 10 0 1 3 3850 10 0
240 3 6 3 4 31 99 0
241 1 87 3 6 31 85 0
242 10 42 2 0 4260 14 0
243 3 48 1 2 17 86 1
244 1 36 1 2 507 93 0
245 10 63 1 4 17 5 1
246 1 84 3 2 266 14 0
247 9 0 3 0 68 5 0
248 3 0 2 4 129 5 0
249 3 34 1 1 251 15 0
250 4 28 3 1 269 90 0
251 5 69 2 0 9011 15 0
252 1 84 1 6 269 90 0
253 10 14 3 3 17 5 0
254 4 57 3 2 32 93 0
255 1 0 1 3 64 99 0
256 1 99 1 5 15 10 0
257 3 0 3 2 69 14 0
258 3 0 3 5 16 22 0
259 7 0 1 4 502 86 0
260 1 93 3 0 15 82 0
261 8 15 1 5 18 9 0
262 1 66 1 4 30 99 0
263 4 0 1 2 16 10 0
264 1 42 2 1 16 84 0
265 2 0 2 3 69 91 0
266 6 84 3 3 31 11 0
267 3 0 2 6 16 11 0
268 2 0 2 3 17 85 0
269 2 96 1 3 952 14 0
270 3 0 1 3 32 58 0
271 7 41 1 3 30 11 0
272 4 0 2 4 69 10 1
273 2 0 3 2 15 79 0
274 2 39 1 3 243 11 1
275 6 63 1 1 15 91 0
276 9 24 3 1 1024 9 0
277 1 72 1 3 16 17 0
278 3 0 1 4 31 84 0
279 3 0 1 3 62 89 0
280 1 40 3 3 266 86 0
281 1 18 1 3 35 95 0
282 2 100 1 1 243 10 0
283 3 0 1 2 16 15 0
284 2 51 2 3 60 10 0
285 4 0 3 8 69 90 0
286 10 31 3 1 507 92 0
287 8 0 3 8 14 87 0
288 10 0 1 5 65 5 0
289 1 0 2 4 63 9 0
290 6 0 1 4 31 60 0
291 3 0 1 2 241 5 0
292 1 66 1 2 17 15 0
293 1 26 2 4 129 93 0
294 4 65 3 1 952 92 0
295 5 0 3 4 15 20 0
296 2 0 2 3 35 5 0
297 2 36 1 2 15 5 0
298 1 83 2 3 133 15 0
299 10 0 2 1 31 21 0
300 5 0 1 3 15 5 0
301 5 0 1 3 15 9 0
302 2 69 3 7 14 85 0
303 8 33 1 4 16 95 0
304 1 27 1 3 16 93 1
305 1 0 3 0 15 99 0
306 7 0 3 1 18 98 0
307 7 0 1 5 17 79 0
308 7 51 1 3 31 93 0
309 3 21 1 5 15 92 0
310 3 39 1 9 65 10 0
311 3 0 1 2 29 99 0
312 10 0 3 3 60 87 0
313 3 0 1 6 15 90 0
314 4 72 1 4 16 19 1
315 4 3 3 3 243 65 0
316 3 0 1 4 1075 5 0
317 1 73 1 5 282 5 0
318 2 0 3 7 15 89 0
319 10 84 3 4 17 99 0
320 9 0 3 4 1075 10 0
321 1 0 1 4 1024 14 0
322 1 0 1 6 17203 20 1
323 9 0 1 3 60 91 0
324 1 73 1 4 15 86 0
325 6 0 1 3 16 11 0
326 8 0 1 6 18 10 0
327 3 0 2 5 68 92 0
328 7 24 1 1 31 11 0
329 1 0 3 3 32 91 0
330 10 0 1 6 125 90 0
331 3 0 2 2 33 94 0
332 6 0 3 2 34 9 0
333 3 0 3 5 16 16 0
334 7 33 1 4 16 9 0
335 7 0 1 0 17 95 0
336 2 78 1 3 29 85 0
337 3 76 1 4 17 90 0
338 7 96 3 1 15 10 0
339 1 0 1 2 15 11 1
340 8 0 1 1 15 89 0
341 3 17 3 5 60 5 0
342 6 0 3 2 548 9 0
343 7 0 1 6 1925 55 0
344 9 39 3 0 62 5 0
345 1 0 3 2 30 87 0
346 3 99 3 1 2171 9 0
347 10 60 1 5 17 5 0
348 4 0 1 9 29 21 0
349 3 0 1 4 34 5 0
350 1 0 3 3 61 10 0
351 4 26 3 7 58 9 0
352 5 0 1 1 137 14 0
353 4 0 3 0 8602 86 0
354 8 0 1 1 17 96 0
355 10 0 1 4 31 10 0
356 1 0 1 2 993 96 0
357 7 0 2 1 16 9 0
358 3 95 2 4 15 95 1
359 7 14 3 2 16 89 0
360 1 36 1 4 17 99 0
361 2 75 3 1 17 10 1
362 4 18 1 2 17 15 0
363 2 21 1 2 132 9 0
364 10 16 1 5 17 9 0
365 3 15 3 5 123 59 0
366 9 94 1 6 16 99 0
367 6 15 1 2 122 87 0
368 2 24 2 3 15 94 0
369 4 27 1 1 59 5 0
370 5 33 1 4 15 11 0
371 1 0 1 3 16 99 0
372 7 0 1 1 70 20 0
373 6 0 3 4 15 99 0
374 3 75 1 2 16056 11 0
375 10 6 3 2 2232 91 0
376 3 92 2 6 33 43 0
377 6 0 1 2 17 98 0
378 1 81 3 5 16 9 0
379 7 63 1 5 33 5 0
380 10 76 3 2 33 80 0
381 3 90 1 2 17 21 0
382 3 98 1 4 30 10 0
383 4 0 1 2 1106 98 0
384 2 4 1 3 65 86 0
385 10 0 2 4 3891 88 0
386 5 75 3 2 61 99 1
387 1 0 1 4 31 37 0
388 3 77 2 1 141 5 0
389 1 42 1 5 31 78 0
390 8 0 3 2 33 11 0
391 6 3 1 3 125 82 0
392 7 75 2 5 532 5 1
393 4 64 3 6 16 5 0
394 6 22 2 2 274 9 0
395 7 63 1 2 558 10 0
396 4 0 2 1 246 15 0
397 3 0 3 3 17 99 0
398 3 52 1 2 67 15 0
399 1 93 1 4 952 87 0
400 8 42 1 2 67 5 0
401 10 57 3 1 66 9 0
402 6 0 1 3 238 96 0
403 1 18 1 5 29 84 0
404 1 0 3 5 236 90 0
405 3 0 1 4 30 5 0
406 5 0 3 1 63 14 0
407 1 0 3 1 15 5 0
408 7 0 2 2 471 5 0
409 9 34 1 6 1055 16 0
410 1 0 2 2 548 99 0
411 6 87 1 2 29 5 0
412 10 0 2 0 2212 89 0
413 6 90 1 1 70 99 0
414 1 0 1 4 17 93 0
415 3 9 1 2 15 38 0
416 6 0 3 4 15 22 0
417 1 0 2 2 32 55 0
418 3 15 1 6 15 10 0
419 10 0 3 1 127 10 0
420 7 0 1 3 15 10 0
421 1 0 1 3 69 5 0
422 1 94 1 2 15 87 0
423 3 18 1 4 15 9 0
424 2 81 1 2 1004 90 0
425 9 0 1 2 60 5 0
426 6 76 3 4 246 10 0
427 10 0 1 6 34 95 0
428 3 0 1 3 16 11 0
429 3 0 3 4 17 86 0
430 8 33 3 1 67 56 0
431 5 0 2 3 29 10 0
432 1 48 3 2 17039 11 0
433 4 0 2 8 2068 86 0
434 3 0 1 2 29 92 0
435 1 0 1 2 17859 14 0
436 3 0 2 1 233 93 0
437 5 54 2 3 282 10 0
438 6 0 3 1 60 91 0
439 7 12 3 2 553 5 0
440 1 0 1 8 70 87 0
441 1 53 3 5 543 95 0
442 9 0 2 3 15 10 0
443 3 80 1 7 29 10 0
444 9 0 2 6 31 15 0
445 9 21 1 1 15 5 0
446 1 18 1 3 34 95 0
447 5 42 1 6 492 79 0
448 2 58 1 4 70 15 0
449 2 67 1 4 32 10 0
450 9 87 3 2 65 95 0
451 1 0 1 5 507 5 0
452 3 63 1 1 31 99 0
453 10 0 1 2 15 10 0
454 2 0 1 1 17 16 0
455 3 27 2 5 1065 91 0
456 3 24 1 3 32 5 0
457 3 54 2 1 17 99 0
458 3 57 1 4 58 99 0
459 7 0 1 5 1987 95 0
460 1 0 3 3 16 84 0
461 1 0 1 3 993 99 0
462 1 39 3 2 259 15 0
463 7 63 1 3 32 19 0
464 7 30 2 4 16 89 0
465 10 0 1 1 15 14 0
466 1 21 1 4 33 93 0
467 3 0 3 5 33 5 0
468 10 85 1 6 17203 83 0
469 9 39 1 2 17 10 0
470 6 0 1 2 17 80 0
471 6 0 1 5 230 98 1
472 4 0 3 2 31 98 0
473 3 93 1 2 69 10 0
474 7 78 3 3 30 95 0
475 2 27 1 2 4465 22 0
476 3 96 2 3 31 15 0
477 10 0 3 5 1126 87 0
478 3 39 3 0 548 85 0
479 6 0 3 2 141 99 1
480 3 0 3 3 18 5 0
481 4 7 1 5 15 88 0
482 3 0 3 3 17 40 0
483 3 60 1 2 16 5 0
484 10 70 3 5 3686 14 0
485 5 5 1 3 17 83 0
486 1 10 3 10 58 36 0
487 3 82 3 4 17 44 0
488 6 34 1 3 70 22 0
489 10 96 1 3 952 88 0
490 4 0 1 3 35 89 0
491 3 52 3 3 1055 86 0
492 9 0 3 3 16 5 0
493 1 0 3 4 253 15 0
494 8 0 3 3 17 10 0
495 3 92 1 5 34 82 0
496 6 57 3 3 15 22 1
497 3 0 1 5 14 93 0
498 10 0 3 1 17 86 1
499 2 0 1 0 15 9 0
500 3 0 1 3 69 5 0
